"ID" "Region" "Type" "Afterschool" "Afterschool_time" "Tutoring_time" "Tutoring_amount" "Korean" "English" "Mathematics" "Computer" "Sex" "Nchildren" "Income" "Major"
1 3 1 2 0 12 359.799976 0 0 0 0 2 3 3 4
2 2 1 2 0 0 0 0 0 0 0 2 1 2 2
3 3 1 2 0 14 1212.237821 0 529.618465 529.618465 0 1 1 3 1
4 4 1 1 1 0 0 0 0 0 0 1 2 2 1
5 3 1 1 10 9.666667 419.766638 0 0 0 0 2 2 1 2
6 1 1 2 0 9 1287.284357 215.879985 535.702186 535.702186 0 2 3 5 6
7 2 1 1 3.333333 18 1439.199903 0 239.86665 0 0 2 2 4 4
8 2 1 2 0 11 714.004153 243.232184 0 0 0 2 2 6 4
9 2 1 2 0 21 353.078977 0 0 0 0 1 3 1 3
10 3 1 1 17 4.666667 159.9111 0 39.977775 39.977775 0 1 2 7 11
11 3 2 2 0 0 0 0 0 0 0 1 2 5 9
12 2 1 2 0 0 0 0 0 0 0 2 2 5 2
13 4 1 2 0 12 395.779973 131.926658 131.926658 131.926658 0 2 1 5 6
14 2 1 2 0 8 1153.391324 0 576.695662 576.695662 0 2 2 4 1
15 4 1 1 2.666667 0 0 0 0 0 0 1 3 8 7
16 2 2 2 0 0 0 0 0 0 0 1 2 1 11
17 1 1 2 0 0 0 0 0 0 0 2 2 3 6
18 2 1 1 4.333333 5 235.385985 0 235.385985 0 0 2 1 4 4
19 2 1 1 6.666667 0 0 0 0 0 0 2 3 4 7
20 4 1 1 11 0 0 0 0 0 0 1 3 4 4
21 3 1 2 0 0 0 0 0 0 0 1 2 5 4
22 3 1 2 0 0 0 0 0 0 0 2 1 5 9
23 3 1 1 5.333333 1.666667 139.922213 0 139.922213 0 0 2 3 7 5
24 2 1 1 1.333333 8 600.234261 0 270.693882 329.540378 0 1 2 8 2
25 3 1 2 0 6 388.386875 0 0 388.386875 0 1 2 2 6
26 3 1 1 0.333333 0 0 0 0 0 0 2 2 7 8
27 2 2 2 0 3 239.86665 0 0 239.86665 0 1 2 4 2
28 4 1 1 6 0 6.063143 0 0 0 0 2 1 5 11
29 3 1 2 0 0 0 0 0 0 0 2 2 3 1
30 2 1 1 10.666667 0 0 0 0 0 0 1 3 3 9
31 2 1 1 6 0 0 0 0 0 0 2 1 8 6
32 3 1 1 6.666667 7.333333 635.542158 0 317.771079 317.771079 0 2 2 5 5
33 3 1 1 2 10 539.699963 0 0 419.766638 0 1 2 7 2
34 3 1 2 0 0 0 0 0 0 0 1 1 8 8
35 2 1 2 0 0 0 0 0 0 0 2 2 3 11
36 3 1 2 0 8 423.694772 0 235.385985 188.308788 0 2 3 6 1
37 3 1 2 0 12 765.00445 0 470.771969 294.232481 0 1 2 6 5
38 2 1 2 0 3 353.078977 0 0 353.078977 0 2 2 3 6
39 4 1 2 0 0 0 0 0 0 0 1 3 5 4
40 2 1 1 7 4 239.86665 0 0 239.86665 0 2 2 7 11
41 1 2 2 0 0 0 0 0 0 0 1 1 2 9
42 3 1 1 6.666667 1.333333 86.308194 0 86.308194 0 0 1 4 7 3
43 3 2 2 0 15 347.978947 0 0 0 0 2 2 2 3
44 3 2 2 0 0 0 0 0 0 0 2 2 7 3
45 4 1 1 5 0 0 0 0 0 0 2 3 5 5
46 2 1 1 3.666667 0 0 0 0 0 0 1 3 8 11
47 3 1 1 1 0 0 0 0 0 0 2 2 1 4
48 1 1 2 0 17 1318.067244 253.059316 351.404643 368.195308 0 1 1 1 1
49 3 1 2 0 9 899.499939 0 479.733301 419.766638 0 2 2 8 6
50 3 1 2 0 0 0 0 0 0 0 1 3 5 2
51 2 1 1 8 0 0 0 0 0 0 1 1 3 8
52 2 1 1 2.333333 20.333333 1255.391918 0 588.464961 666.926956 0 2 2 4 3
53 1 1 2 0 11.666667 591.671071 0 351.804421 0 0 2 3 2 4
54 1 1 2 0 16 1294.622915 0 353.078977 529.618465 0 2 2 6 6
55 4 1 1 4 0 0 0 0 0 0 1 3 3 1
56 1 1 1 4 17 1059.411039 99.944438 419.766638 539.699963 0 2 2 8 7
57 3 1 1 12.666667 10 719.599951 0 359.799976 359.799976 0 2 3 3 5
58 4 1 1 4 0 0 0 0 0 0 2 2 5 9
59 3 1 1 2 4 294.232481 0 0 294.232481 0 2 2 2 1
60 4 1 2 0 0 0 0 0 0 0 1 2 6 2
61 2 1 1 8 6 499.722188 79.95555 0 419.766638 0 1 1 3 6
62 4 1 2 0 0 0 0 0 0 0 2 2 4 10
63 3 1 2 0 4 247.155284 0 0 247.155284 0 2 2 6 1
64 4 1 1 7.333333 3 479.733301 239.86665 239.86665 0 0 1 1 1 11
65 3 2 1 3.333333 0 0 0 0 0 0 2 4 4 2
66 1 1 2 0 12 1439.199903 0 479.733301 959.466602 0 1 2 3 9
67 3 1 2 0 0 0 0 0 0 0 2 3 2 6
68 3 1 1 5 13 647.639956 0 323.819978 323.819978 0 1 2 4 9
69 1 1 1 4 17 1451.193235 335.813311 359.799976 539.699963 0 1 2 6 7
70 3 1 1 3 0 0 0 0 0 0 2 5 4 11
71 3 1 2 0 10 359.799976 119.933325 119.933325 119.933325 0 1 2 8 3
72 2 1 1 9.666667 4 459.744413 159.9111 299.833313 0 0 1 2 5 8
73 4 1 1 4 0 0 0 0 0 0 1 2 2 11
74 4 1 2 0 0 0 0 0 0 0 2 2 4 4
75 3 1 1 5.666667 0 0 0 0 0 0 1 3 2 8
76 3 2 1 3 0 0 0 0 0 0 2 2 3 2
77 3 1 1 2.333333 6.333333 674.773156 0 411.925473 262.847683 0 2 2 7 6
78 1 1 2 0 28 1439.199903 399.777751 39.977775 0 0 2 3 5 4
79 4 1 2 0 10 588.464961 0 294.232481 294.232481 0 1 2 4 10
80 1 1 1 1.666667 10 1144.472318 179.899988 431.759971 287.839981 0 2 3 8 11
81 4 1 1 3.666667 6 479.733301 0 239.86665 239.86665 0 2 2 1 1
82 3 1 1 6.333333 7.333333 366.809826 0 0 280.501632 0 2 1 5 7
83 2 1 2 0 15.666667 971.459934 287.839981 323.819978 359.799976 0 1 2 8 6
84 3 1 1 3.333333 0 0 0 0 0 0 2 1 4 11
85 3 1 2 0 4 359.799976 0 359.799976 0 0 1 4 4 8
86 4 1 2 0 0 0 0 0 0 0 2 2 5 1
87 1 1 1 2.666667 15.666667 2075.319764 1235.776419 0 804.235447 0 1 3 8 1
88 4 1 1 1.666667 0 0 0 0 0 0 2 4 4 11
89 3 1 2 0 2.333333 1119.377702 0 0 0 0 1 2 2 4
90 2 1 1 4 20.666667 823.850946 0 353.078977 470.771969 0 1 2 6 6
91 3 1 1 6 10 294.232481 0 294.232481 0 0 1 3 6 9
92 4 1 1 13.333333 8 1176.929923 0 588.464961 588.464961 0 1 2 6 10
93 2 1 2 0 6 719.599951 0 0 0 0 1 1 4 4
94 3 1 1 3.666667 0 0 0 0 0 0 2 2 5 11
95 3 1 1 1.666667 0 0 0 0 0 0 1 3 2 11
96 3 1 2 0 4 447.233371 0 447.233371 0 0 2 2 5 7
97 1 1 1 5 18 1353.247686 337.812199 371.793308 439.755526 0 1 2 4 8
98 4 1 2 0 0 0 0 0 0 0 2 3 4 2
99 2 1 1 1 18 959.466602 239.86665 359.799976 359.799976 0 2 2 2 1
100 4 1 2 0 4 961.159437 0 549.233964 411.925473 0 1 1 6 2
101 3 1 2 0 0 0 0 0 0 0 1 2 3 1
102 2 1 2 0 3.333333 219.877763 0 99.944438 119.933325 0 1 2 8 3
103 3 1 2 0 10 119.933325 0 59.966663 0 0 2 3 3 11
104 2 2 1 2.666667 0 0 0 0 0 0 2 2 2 7
105 3 1 1 7 0 0 0 0 0 0 2 2 1 3
106 2 1 2 0 18 706.157954 0 353.078977 353.078977 0 2 2 8 6
107 4 1 2 0 2 156.92399 0 156.92399 0 0 2 4 1 11
108 2 1 2 0 0 0 0 0 0 0 1 2 8 6
109 2 1 1 4.666667 11.333333 1431.204348 359.799976 311.826646 639.644401 0 2 3 8 4
110 1 1 2 0 0 0 0 0 0 0 1 2 2 3
111 2 1 2 0 0 0 0 0 0 0 2 2 5 2
112 2 1 1 2.666667 6 359.799976 0 0 359.799976 0 2 2 4 4
113 3 1 1 13.333333 0 0 0 0 0 0 1 2 1 8
114 3 1 1 4.333333 7.333333 768.92755 0 415.848573 353.078977 0 1 2 8 11
115 2 1 1 10.666667 0 0 0 0 0 0 1 1 3 9
116 2 2 1 2 0 0 0 0 0 0 1 2 2 3
117 3 1 1 5 4 719.599951 0 0 0 0 1 1 5 9
118 4 1 1 3 0 0 0 0 0 0 2 2 4 7
119 2 1 1 1.333333 0 0 0 0 0 0 2 2 2 11
120 3 1 1 2 2.666667 235.385985 0 0 0 0 2 3 3 11
121 2 1 1 8 6 239.86665 0 0 239.86665 0 1 2 1 3
122 1 2 1 4 3 599.666626 0 299.833313 299.833313 0 2 2 1 11
123 2 2 1 1.333333 0 0 0 0 0 0 1 2 4 3
124 4 1 1 13.333333 7 1176.929923 0 470.771969 706.157954 0 2 1 4 11
125 3 1 1 2 0 0 0 0 0 0 1 2 7 7
126 2 1 2 0 0 0 0 0 0 0 1 1 8 3
127 3 2 1 1 0 0 0 0 0 0 1 3 2 9
128 3 1 1 7 0 0 0 0 0 0 2 3 8 1
129 1 2 1 12 0 0 0 0 0 0 2 3 6 4
130 4 2 1 9 0 0 0 0 0 0 1 3 3 9
131 3 2 1 4 0 0 0 0 0 0 2 2 4 1
132 2 1 2 0 6 902.312941 0 627.695959 274.616982 0 1 1 6 9
133 4 1 1 6.666667 0 0 0 0 0 0 1 2 5 4
134 2 1 1 4 8.333333 1239.532617 419.766638 199.888875 359.799976 0 1 3 8 11
135 2 1 2 0 10 196.154987 0 0 196.154987 0 1 2 5 9
136 3 1 2 0 21 989.449933 0 179.899988 269.849982 0 2 3 6 8
137 4 1 1 6.666667 0 0 0 0 0 0 2 5 1 1
138 3 1 1 1.333333 11 757.15825 86.308194 317.771079 353.078977 0 1 2 5 9
139 3 1 1 6.333333 18 899.499939 239.86665 239.86665 359.799976 0 2 2 3 3
140 1 1 2 0 0 0 0 0 0 0 2 2 7 4
141 4 1 2 0 10 78.461995 0 0 78.461995 0 2 2 5 11
142 2 1 2 0 4 588.464961 0 294.232481 294.232481 0 1 2 5 6
143 2 1 1 4 4 799.555501 0 319.822201 479.733301 0 2 2 6 9
144 1 1 2 0 10 765.00445 235.385985 235.385985 235.385985 0 1 2 4 5
145 4 1 1 4.333333 0 0 0 0 0 0 1 1 3 10
146 4 1 1 3 15 1172.23517 239.86665 239.86665 0 0 1 3 5 1
147 3 1 2 0 4 239.86665 0 239.86665 0 0 2 2 5 4
148 2 1 2 0 1.666667 143.91999 71.959995 0 71.959995 0 1 3 3 6
149 3 1 1 3.333333 0 0 0 0 0 0 1 3 4 9
150 2 2 1 4.666667 3 353.078977 0 0 353.078977 0 1 2 4 9
151 4 1 1 2.666667 12 1059.236931 0 0 470.771969 0 1 2 5 7
152 4 1 2 0 0 0 0 0 0 0 1 2 2 2
153 4 2 2 0 0 0 0 0 0 0 1 4 8 8
154 3 1 2 0 21 1082.775529 235.385985 353.078977 0 0 2 1 1 4
155 3 1 2 0 0 0 0 0 0 0 1 3 3 4
156 3 1 1 6 6.333333 765.00445 0 353.078977 411.925473 0 2 2 6 11
157 1 1 1 1.333333 12 1118.083427 235.385985 411.925473 470.771969 0 1 2 3 4
158 4 1 2 0 8 706.157954 0 353.078977 353.078977 0 1 1 6 8
159 3 1 2 0 0 0 0 0 0 0 1 2 4 3
160 4 2 2 0 4 176.539488 0 0 0 0 1 2 5 9
161 2 1 2 0 9 455.746636 215.879985 0 239.86665 0 1 2 8 11
162 3 2 2 0 3 176.539488 0 176.539488 0 0 2 1 4 1
163 3 2 2 0 0 0 0 0 0 0 1 2 3 9
164 2 1 2 0 7.666667 1719.044328 0 0 359.799976 0 2 4 6 4
165 2 1 2 0 12.666667 1184.776122 211.847386 470.771969 451.15647 0 2 2 5 9
166 2 2 1 5.666667 0 0 0 0 0 0 1 2 2 3
167 3 1 1 6.333333 4 647.311458 0 294.232481 353.078977 0 2 2 1 9
168 2 1 1 10.666667 6 859.158844 0 270.693882 588.464961 0 1 2 5 9
169 3 1 2 0 0 0 0 0 0 0 2 4 3 4
170 2 2 2 0 0 0 0 0 0 0 1 3 2 9
171 1 2 2 0 0 0 0 0 0 0 2 2 3 11
172 3 1 2 0 0 0 0 0 0 0 1 1 3 3
173 3 1 1 5 0 0 0 0 0 0 1 2 2 3
174 1 1 2 0 10 755.579949 0 275.846648 479.733301 0 1 3 7 2
175 3 1 1 4 4 239.86665 0 0 239.86665 0 2 2 4 11
176 2 1 2 0 10 411.925473 0 294.232481 58.846496 0 1 3 6 9
177 2 1 2 0 0 0 0 0 0 0 1 2 2 3
178 4 1 2 0 1 156.92399 0 0 0 0 2 3 1 11
179 3 1 1 1.666667 12 58.846496 0 0 29.423248 0 2 2 2 7
180 3 1 1 3.333333 6 612.00356 0 317.771079 294.232481 0 1 1 5 11
181 4 1 2 0 0 0 0 0 0 0 2 2 5 1
182 1 1 2 0 17.333333 1604.547795 294.232481 400.156174 470.771969 0 1 2 5 9
183 3 1 2 0 20 529.618465 0 0 0 0 1 3 3 4
184 3 1 1 7.333333 4 353.078977 0 0 353.078977 0 2 2 3 5
185 2 2 1 10.666667 0 0 0 0 0 0 1 2 8 9
186 2 1 1 3.333333 0 0 0 0 0 0 1 2 5 9
187 2 1 1 10 5 503.719966 0 251.859983 251.859983 0 2 3 5 1
188 4 1 1 5 0 0 0 0 0 0 2 2 1 4
189 4 1 1 5.333333 0 0 0 0 0 0 1 3 5 4
190 3 1 2 0 5 239.86665 0 0 0 0 2 1 3 4
191 3 1 1 2 0 0 0 0 0 0 1 2 3 9
192 4 2 1 4 0 0 0 0 0 0 2 3 4 4
193 3 1 2 0 8 282.463181 94.154394 94.154394 94.154394 0 1 2 7 9
194 2 1 2 0 0 0 0 0 0 0 2 2 8 10
195 3 2 2 0 21.333333 765.00445 176.539488 176.539488 176.539488 0 2 2 7 2
196 2 1 1 8 2 119.933325 0 0 0 0 2 2 7 4
197 3 1 1 2.333333 10 719.599951 239.86665 239.86665 239.86665 0 1 3 5 9
198 1 2 2 0 0 0 0 0 0 0 2 2 2 4
199 2 1 2 0 20 647.311458 0 294.232481 353.078977 0 2 2 5 7
200 4 1 1 2 0 0 0 0 0 0 1 2 1 8
201 3 2 2 0 0 0 0 0 0 0 1 2 3 3
202 2 1 1 3 0 0 0 0 0 0 1 2 5 11
203 3 1 1 3 0 0 0 0 0 0 1 2 3 11
204 4 1 2 0 0 0 0 0 0 0 2 1 1 9
205 4 1 1 8.666667 0 0 0 0 0 0 1 2 5 9
206 4 1 1 0.666667 18.666667 1804.625882 0 353.078977 353.078977 0 2 1 5 4
207 3 1 1 5 0 0 0 0 0 0 2 3 1 2
208 3 2 1 8 2 141.231591 0 47.077197 0 0 1 2 2 9
209 3 1 1 7.666667 14.666667 989.782318 239.86665 359.799976 359.799976 0 2 2 5 4
210 3 1 2 0 15 1439.199903 0 479.733301 479.733301 0 1 2 8 1
211 1 1 1 4 2.666667 191.89332 0 0 191.89332 0 1 3 2 6
212 2 2 1 8.333333 0 0 0 0 0 0 2 2 1 9
213 1 1 1 1.333333 9 776.773749 388.386875 0 388.386875 0 1 3 3 5
214 4 2 1 8.666667 0 0 0 0 0 0 1 2 2 9
215 3 1 2 0 5 575.679961 0 0 575.679961 0 2 2 7 5
216 3 1 1 3 5 287.839981 0 143.91999 143.91999 0 2 2 3 10
217 4 1 2 0 0 0 0 0 0 0 2 2 3 2
218 1 1 1 1.333333 5 1079.399927 0 0 0 0 1 3 4 3
219 2 1 1 4.666667 4 588.464961 0 235.385985 353.078977 0 1 1 3 7
220 2 1 1 1.333333 0 0 0 0 0 0 1 2 4 10
221 2 1 2 0 10 599.666626 0 299.833313 299.833313 0 1 1 2 11
222 1 1 2 0 5.333333 1023.929033 282.463181 282.463181 282.463181 0 2 2 5 9
223 4 1 2 0 0 0 0 0 0 0 2 2 4 6
224 3 1 2 0 15 588.464961 0 294.232481 294.232481 0 1 2 5 7
225 4 1 1 1 2.666667 151.915545 0 75.957773 75.957773 0 2 2 8 11
226 4 1 1 9.666667 0 0 0 0 0 0 1 3 5 2
227 3 2 2 0 0 0 0 0 0 0 2 3 4 8
228 2 1 1 1.333333 10 1035.698332 294.232481 270.693882 294.232481 0 1 2 8 6
229 4 2 1 2.666667 0 0 0 0 0 0 1 2 7 9
230 2 1 2 0 0 0 0 0 0 0 2 2 7 6
231 4 1 1 6 6 599.666626 0 299.833313 299.833313 0 1 2 7 11
232 4 1 2 0 0 0 0 0 0 0 1 1 2 8
233 3 1 1 2.333333 1 948.605518 316.986459 315.809529 315.809529 0 1 3 8 10
234 2 1 1 1 0 0 0 0 0 0 1 2 5 6
235 3 1 2 0 9 955.468824 263.853315 307.828868 383.786641 0 1 3 3 7
236 3 2 1 1.666667 15 435.464071 0 235.385985 200.078087 0 2 3 3 11
237 3 1 2 0 16 1008.236634 282.463181 353.078977 372.694476 0 1 1 7 9
238 2 2 1 6 0 0 0 0 0 0 1 7 3 9
239 4 1 1 1 8 470.771969 0 470.771969 0 0 2 5 2 1
240 4 2 2 0 10.666667 1176.929923 0 0 0 0 1 3 8 4
241 4 1 2 0 3 706.157954 0 353.078977 353.078977 0 2 3 5 11
242 4 1 1 5 0 0 0 0 0 0 2 2 2 5
243 3 1 1 6.666667 0 0 0 0 0 0 2 3 2 5
244 2 1 1 1.333333 3 559.688851 0 359.799976 199.888875 0 2 3 6 2
245 2 1 2 0 6 359.799976 0 0 359.799976 0 2 2 7 6
246 2 1 1 8 9 655.635511 19.988888 299.833313 299.833313 0 2 2 6 3
247 3 1 2 0 6 119.933325 0 0 0 0 1 5 3 2
248 3 1 1 8 6 1039.82193 0 323.819978 359.799976 0 1 2 8 9
249 3 2 1 1 0 0 0 0 0 0 2 2 2 3
250 4 1 1 9.333333 15 459.00267 0 0 0 0 2 3 2 4
251 2 2 1 5.666667 0 0 0 0 0 0 1 2 4 9
252 1 1 1 3 16.333333 1199.333252 239.86665 0 479.733301 0 1 1 5 9
253 1 1 1 6 2.333333 353.078977 0 196.154987 156.92399 0 2 2 8 3
254 3 1 2 0 12 588.464961 0 294.232481 294.232481 0 1 2 3 3
255 2 1 2 0 0 0 0 0 0 0 1 2 8 2
256 2 1 1 9 6 1079.399927 359.799976 359.799976 0 0 2 2 3 4
257 2 1 2 0 0 0 0 0 0 0 2 2 1 6
258 3 1 1 1.333333 0 0 0 0 0 0 2 1 1 3
259 3 1 1 5 6 959.466602 0 239.86665 359.799976 0 1 2 4 8
260 3 1 1 4 0 0 0 0 0 0 1 3 1 9
261 3 2 2 0 0 0 0 0 0 0 2 3 2 3
262 2 2 1 8 0 0 0 0 0 0 1 3 2 6
263 3 1 1 8 4 239.86665 239.86665 0 0 0 1 1 4 4
264 2 2 2 0 0 0 0 0 0 0 2 2 3 1
265 2 1 2 0 4 588.464961 0 0 588.464961 0 1 1 1 6
266 2 1 1 1.333333 10 605.663292 179.899988 179.899988 179.899988 0 2 2 6 4
267 3 1 2 0 0 0 0 0 0 0 1 2 2 2
268 2 1 1 10 0 0 0 0 0 0 2 2 3 1
269 2 1 1 6.666667 6 706.157954 235.385985 0 470.771969 0 2 2 8 3
270 4 1 1 9 0 0 0 0 0 0 2 2 1 11
271 3 1 2 0 5 353.078977 0 353.078977 0 0 2 3 7 5
272 3 1 1 8 7 1230.515917 359.799976 390.98264 479.733301 0 1 2 7 10
273 2 1 2 0 11 635.646624 0 263.853315 323.819978 0 1 3 5 9
274 3 1 1 4 8 1047.467631 470.771969 294.232481 282.463181 0 2 1 4 5
275 3 1 1 7 10 419.766638 179.899988 239.86665 0 0 1 1 4 11
276 1 1 2 0 10 1004.313534 98.077494 588.464961 317.771079 0 1 2 4 9
277 3 1 1 1.333333 9 411.925473 0 0 411.925473 0 1 1 4 3
278 2 1 2 0 8 941.543938 0 353.078977 588.464961 0 1 1 8 3
279 2 1 2 0 1 58.846496 0 0 0 0 1 3 3 11
280 4 2 1 5.666667 0 0 0 0 0 0 1 2 3 3
281 4 1 2 0 0 0 0 0 0 0 2 1 1 3
282 3 1 2 0 0 0 0 0 0 0 1 3 2 9
283 2 1 1 2.666667 12 599.666626 0 0 0 0 2 2 6 4
284 2 1 2 0 15 706.157954 0 353.078977 353.078977 0 1 3 8 2
285 4 2 1 4.333333 0 0 0 0 0 0 2 2 2 11
286 1 2 1 0.666667 0 0 0 0 0 0 2 2 3 4
287 1 1 1 6.666667 12 959.466602 299.833313 359.799976 299.833313 0 1 3 5 11
288 3 2 2 0 0 0 0 0 0 0 1 3 1 2
289 3 1 2 0 8 1295.279912 335.813311 319.822201 639.644401 0 2 1 6 7
290 3 1 1 7.333333 6 719.599951 0 359.799976 359.799976 0 1 3 6 11
291 3 1 2 0 8 117.692992 0 0 0 0 2 3 3 4
292 4 1 2 0 15 799.555501 0 0 0 0 1 1 5 9
293 1 1 2 0 25.333333 1765.394884 353.078977 411.925473 588.464961 0 2 2 8 11
294 3 1 2 0 15 539.699963 179.899988 179.899988 179.899988 0 1 2 5 9
295 3 1 1 2.333333 0 0 0 0 0 0 1 1 5 9
296 3 1 1 5 0 0 0 0 0 0 1 3 2 3
297 2 1 1 8 10 1007.439932 359.799976 347.806643 299.833313 0 1 2 5 1
298 2 1 2 0 0 0 0 0 0 0 1 2 4 6
299 4 1 1 6 0 0 0 0 0 0 2 3 2 7
300 3 1 2 0 20 2377.398444 353.078977 588.464961 765.00445 0 1 2 8 7
301 2 1 1 6 0 0 0 0 0 0 1 2 2 2
302 2 2 1 5.666667 0 0 0 0 0 0 1 2 5 9
303 3 1 1 2 8 706.157954 0 235.385985 470.771969 0 2 2 8 7
304 2 1 2 0 0 0 0 0 0 0 1 2 1 2
305 4 1 2 0 0 0 0 0 0 0 2 2 4 11
306 3 2 2 0 0 0 0 0 0 0 2 1 2 4
307 4 1 1 1 11.333333 643.642179 91.948883 239.86665 311.826646 0 1 2 5 3
308 3 1 2 0 10 659.633289 0 0 659.633289 0 2 2 5 11
309 1 1 2 0 6.666667 823.850946 0 411.925473 411.925473 0 2 3 3 11
310 4 1 1 14.333333 4 282.463181 0 0 282.463181 0 1 2 7 11
311 3 1 1 5 4 569.683295 53.969996 53.969996 353.803309 0 2 3 8 11
312 4 1 1 1.333333 1.333333 156.92399 0 0 156.92399 0 1 2 6 7
313 3 1 1 4 8 399.777751 0 135.924435 143.91999 0 1 2 6 6
314 4 2 2 0 30 419.766638 0 0 0 0 2 2 6 2
315 3 1 1 4 3 882.697442 0 411.925473 294.232481 0 1 2 4 7
316 3 1 2 0 18 823.850946 0 411.925473 411.925473 0 2 3 5 5
317 4 1 2 0 8.666667 419.766638 0 0 419.766638 0 2 2 1 11
318 2 1 1 1.666667 2 294.232481 0 0 0 0 1 2 8 6
319 4 1 1 3.333333 4 368.771376 0 0 368.771376 0 1 2 4 8
320 2 1 1 3.333333 6 359.799976 0 0 359.799976 0 1 3 3 9
321 4 1 1 1.666667 0 0 0 0 0 0 1 2 8 5
322 4 1 1 5 2.333333 133.925546 0 0 0 0 2 4 3 6
323 3 1 2 0 0 0 0 0 0 0 1 3 2 2
324 4 1 1 1 3 235.385985 0 0 235.385985 0 2 2 2 3
325 3 1 1 1.666667 15 1059.236931 0 353.078977 353.078977 0 1 1 6 9
326 3 1 2 0 0 0 0 0 0 0 1 2 3 1
327 3 1 1 5.333333 5 500.521744 0 220.677318 279.844426 0 2 2 4 11
328 2 1 1 5 0 0 0 0 0 0 1 2 7 9
329 2 1 1 5.666667 4 423.764416 0 0 363.797753 0 2 2 5 8
330 3 1 1 1.666667 0 0 0 0 0 0 1 1 2 4
331 4 2 1 1.333333 0 0 0 0 0 0 2 5 5 3
332 4 1 2 0 8 58.846496 0 0 0 0 1 2 4 2
333 4 2 1 5 0 0 0 0 0 0 2 1 3 11
334 3 1 1 0.666667 4 462.92577 0 109.846793 353.078977 0 1 2 8 2
335 1 1 1 2.666667 9.333333 851.526609 0 0 0 0 2 2 7 4
336 3 1 1 0.666667 11.666667 219.693586 0 0 0 125.539192 1 2 4 1
337 3 1 1 7 0 0 0 0 0 0 1 3 3 3
338 3 1 2 0 0 0 0 0 0 0 1 2 7 3
339 1 1 2 0 0 0 0 0 0 0 2 2 8 11
340 3 1 1 1.333333 0 0 0 0 0 0 2 2 3 5
341 3 1 2 0 9.666667 549.233964 117.692992 137.308491 294.232481 0 1 1 5 9
342 3 1 2 0 16 623.653291 0 323.819978 299.833313 0 1 2 8 3
343 2 1 1 9 6 815.546611 0 0 599.666626 0 1 2 5 9
344 4 1 2 0 0 0 0 0 0 0 1 2 8 6
345 3 2 1 10 0 0 0 0 0 0 1 2 1 3
346 2 1 2 0 8 776.773749 0 353.078977 423.694772 0 2 2 8 9
347 3 1 2 0 0 0 0 0 0 0 2 3 1 2
348 3 1 2 0 4 1559.133228 0 779.566614 779.566614 0 1 2 8 9
349 3 1 2 0 0 0 0 0 0 0 1 2 3 7
350 2 1 1 10 10 891.947565 0 491.726633 359.799976 0 2 2 2 1
351 1 1 2 0 16 1479.177678 359.799976 359.799976 599.666626 0 2 2 8 10
352 4 2 1 4.333333 0.333333 47.97333 0 0 0 0 2 2 2 11
353 2 1 1 1.666667 0 0 0 0 0 0 2 4 3 11
354 4 1 1 3.333333 8 865.119053 0 445.352414 419.766638 0 2 2 5 7
355 4 1 2 0 0 0 0 0 0 0 2 2 3 2
356 4 1 1 3.333333 0 0 0 0 0 0 1 3 2 6
357 4 2 1 5 0 0 0 0 0 0 1 1 2 9
358 2 1 1 1.333333 0 0 0 0 0 0 2 2 2 2
359 2 1 2 0 8 313.847979 0 70.615795 0 0 1 4 8 6
360 4 1 1 4 4 599.666626 0 0 599.666626 0 2 2 4 6
361 3 1 1 6 5 765.00445 0 353.078977 411.925473 0 2 2 4 6
362 2 1 2 0 3 258.924583 0 0 0 0 2 1 2 5
363 1 1 2 0 8 755.579949 179.899988 251.859983 251.859983 0 2 2 3 6
364 4 1 1 7.333333 3 529.618465 0 0 529.618465 0 1 2 8 6
365 2 1 1 6 10 971.459934 239.86665 299.833313 359.799976 0 1 3 4 9
366 1 1 1 2 18 1461.587457 349.805532 419.766638 359.799976 0 1 2 5 7
367 2 1 2 0 0 0 0 0 0 0 1 2 7 9
368 1 1 2 0 18.666667 3099.248797 0 353.078977 0 0 2 3 4 2
369 3 2 2 0 0 0 0 0 0 0 1 3 3 8
370 3 1 2 0 0 0 0 0 0 0 1 2 3 6
371 2 2 1 5 0 0 0 0 0 0 1 3 3 2
372 3 1 1 2.333333 4 706.157954 0 353.078977 353.078977 0 1 2 6 11
373 3 1 1 2.666667 0 0 0 0 0 0 2 2 7 1
374 1 2 2 0 13.333333 1247.545718 415.848573 415.848573 415.848573 0 1 2 8 11
375 3 1 1 1.666667 0 0 0 0 0 0 2 2 7 11
376 2 1 2 0 8 294.232481 0 294.232481 0 0 1 2 5 11
377 2 1 2 0 16 710.081053 109.846793 270.693882 329.540378 0 1 3 8 9
378 3 1 2 0 4 299.833313 0 0 299.833313 0 2 2 5 4
379 3 1 1 2.666667 9.666667 759.577726 79.95555 299.833313 299.833313 0 1 2 7 10
380 2 1 1 1.666667 12 1176.929923 353.078977 353.078977 117.692992 0 1 1 4 9
381 1 1 2 0 0 0 0 0 0 0 1 2 5 4
382 1 1 2 0 0 0 0 0 0 0 2 2 4 11
383 2 2 2 0 0 0 0 0 0 0 2 4 1 2
384 2 1 2 0 9 706.157954 0 353.078977 353.078977 0 2 2 3 11
385 1 2 1 1.333333 7 153.00089 0 0 0 0 2 2 3 3
386 3 1 1 4 0 0 0 0 0 0 2 2 5 3
387 2 2 2 0 0 0 0 0 0 0 2 3 3 6
388 3 1 1 1.333333 1.333333 98.077494 0 98.077494 0 0 2 2 8 7
389 1 1 2 0 15 153.00089 0 0 0 0 1 2 1 3
390 1 1 1 1.333333 6 706.157954 0 353.078977 353.078977 0 2 1 1 4
391 4 1 2 0 0 0 0 0 0 0 1 2 1 11
392 2 1 1 8 12.666667 865.51883 257.856649 257.856649 307.828868 0 1 3 8 3
393 2 1 2 0 10 235.385985 0 0 0 0 1 2 4 4
394 2 1 1 7 6.333333 479.733301 0 299.833313 179.899988 0 2 3 4 3
395 4 2 1 5 0 0 0 0 0 0 1 2 4 2
396 2 1 2 0 9 664.965406 0 270.693882 394.271524 0 2 2 3 11
397 3 1 1 2.666667 5 599.666626 0 239.86665 359.799976 0 1 2 5 9
398 2 1 1 6 6 719.599951 0 299.833313 419.766638 0 2 3 5 7
399 2 2 2 0 3 359.799976 0 359.799976 0 0 1 1 4 9
400 3 1 2 0 0 0 0 0 0 0 1 2 1 9
401 3 2 2 0 0 0 0 0 0 0 1 3 3 9
402 2 1 2 0 12 612.00356 0 329.540378 282.463181 0 2 2 3 3
403 4 1 1 4 10 411.925473 0 235.385985 176.539488 0 2 3 5 11
404 3 1 1 13 4.666667 141.231591 0 58.846496 0 0 2 2 3 2
405 3 1 1 5 0 0 0 0 0 0 1 2 2 9
406 3 1 1 1.666667 0 0 0 0 0 0 1 2 1 2
407 1 1 2 0 0 0 0 0 0 0 1 2 6 2
408 3 1 1 1.333333 12 941.543938 235.385985 353.078977 353.078977 0 2 1 8 7
409 2 1 1 4.666667 2 353.078977 0 0 353.078977 0 2 2 7 11
410 2 1 1 8 8 431.759971 0 215.879985 215.879985 0 2 1 2 3
411 3 1 2 0 10 701.609953 101.943326 299.833313 299.833313 0 2 2 2 5
412 1 1 2 0 10 1727.94751 0 235.385985 706.157954 117.692992 2 2 6 8
413 3 1 1 2 11 679.622176 79.95555 299.833313 299.833313 0 1 2 3 6
414 1 1 1 4 23 2168.794298 345.407977 199.888875 851.526609 0 2 2 8 7
415 3 1 1 5.333333 4 333.463478 78.461995 98.077494 117.692992 0 1 2 4 2
416 2 1 2 0 3.333333 54.531086 0 0 0 0 1 2 6 7
417 4 1 1 3 0 0 0 0 0 0 2 1 1 1
418 3 1 1 10 0 0 0 0 0 0 2 1 3 6
419 3 1 1 1.666667 5 117.692992 0 0 0 0 1 1 2 3
420 1 1 1 0.666667 0 0 0 0 0 0 1 2 4 2
421 3 1 2 0 17.666667 1039.422152 479.733301 139.922213 0 0 2 3 3 1
422 3 1 2 0 5 263.853315 0 0 263.853315 0 2 2 4 11
423 2 1 1 2 4 239.86665 0 0 239.86665 0 2 2 4 4
424 3 1 1 9 8 683.619954 0 323.819978 359.799976 0 2 2 5 1
425 3 2 1 2.666667 1.333333 6.27696 0 0 0 0 2 3 3 6
426 3 1 1 7.333333 10 539.699963 0 239.86665 299.833313 0 1 3 5 6
427 4 1 1 4 0 0 0 0 0 0 1 2 2 9
428 2 2 2 0 0.666667 78.461995 0 0 0 0 1 2 6 3
429 2 1 2 0 1 12.553919 0 0 0 0 1 2 5 2
430 3 1 2 0 0 0 0 0 0 0 2 3 1 6
431 3 1 1 1.333333 12 577.27541 0 0 0 0 2 1 2 4
432 3 1 2 0 15 599.666626 0 0 0 0 2 2 2 2
433 2 1 2 0 9 706.157954 0 353.078977 353.078977 0 1 3 7 9
434 4 1 1 2.666667 0.666667 196.154987 78.461995 0 117.692992 0 1 2 2 3
435 2 1 1 19 0 0 0 0 0 0 2 2 8 11
436 1 1 2 0 0 0 0 0 0 0 1 2 6 1
437 4 2 1 2 0 0 0 0 0 0 1 2 4 2
438 1 2 1 4 5 239.86665 0 239.86665 0 0 1 3 4 4
439 2 1 2 0 15 707.606619 0 347.806643 359.799976 0 1 3 2 1
440 2 1 1 6 0 0 0 0 0 0 2 2 4 7
441 2 2 1 4 0 0 0 0 0 0 2 3 1 6
442 1 1 2 0 2.666667 223.87554 0 0 223.87554 0 1 2 7 3
443 3 1 1 2.333333 3 1176.929923 0 0 1176.929923 0 1 1 8 7
444 3 1 1 0.666667 12 1203.33103 199.888875 459.744413 319.822201 0 2 2 5 5
445 3 2 2 0 0 0 0 0 0 0 1 3 5 9
446 3 1 1 5.333333 9 491.726633 0 203.886653 287.839981 0 2 2 3 11
447 4 1 1 11 0 0 0 0 0 0 1 1 8 9
448 2 1 1 4.333333 7.333333 647.311458 411.925473 235.385985 0 0 1 2 8 6
449 2 1 2 0 0 0 0 0 0 0 2 2 2 9
450 4 1 2 0 20 258.924583 211.847386 47.077197 0 0 1 2 8 11
451 3 2 2 0 6 299.833313 0 299.833313 0 0 1 2 3 2
452 2 2 1 1 6 392.309974 0 0 0 0 2 3 6 4
453 1 1 2 0 24.666667 1981.16537 510.002967 411.925473 706.157954 0 1 2 8 7
454 2 1 2 0 0 0 0 0 0 0 1 2 8 6
455 4 2 2 0 0.666667 78.461995 0 0 0 0 1 4 3 9
456 1 1 2 0 2 599.666626 0 0 0 0 2 2 4 4
457 4 1 1 0.666667 10 1059.236931 0 470.771969 588.464961 0 1 5 8 7
458 2 1 2 0 20 1235.776419 247.155284 353.078977 353.078977 0 1 2 5 2
459 2 1 1 10 0 0 0 0 0 0 1 2 6 2
460 2 1 2 0 9 539.699963 0 299.833313 239.86665 0 2 2 2 5
461 1 1 2 0 12 599.666626 119.933325 239.86665 239.86665 0 2 1 5 1
462 3 1 1 5 3 706.157954 0 353.078977 353.078977 0 2 2 4 6
463 2 1 2 0 0 0 0 0 0 0 2 2 5 5
464 1 1 1 2.666667 0 0 0 0 0 0 2 2 8 4
465 4 1 1 1.333333 7 117.692992 0 0 0 0 1 3 6 1
466 4 1 1 4 0 0 0 0 0 0 1 3 5 6
467 2 1 1 6 5 706.157954 0 353.078977 353.078977 0 2 2 7 5
468 2 1 2 0 8 294.232481 0 0 294.232481 0 2 2 4 11
469 2 1 1 1.666667 15 755.579949 0 0 419.766638 0 2 3 4 2
470 3 1 2 0 0 0 0 0 0 0 2 2 4 5
471 2 1 1 10 3 353.078977 0 0 353.078977 0 2 2 3 6
472 3 1 2 0 10 1211.326585 299.833313 0 479.733301 0 1 3 4 9
473 3 1 1 6.666667 4 294.232481 0 0 0 0 2 2 5 6
474 1 1 1 2.666667 1 459.00267 0 0 0 0 1 1 5 4
475 4 1 1 20 10 431.540972 0 0 0 0 1 3 4 2
476 3 1 1 1.333333 0 0 0 0 0 0 2 2 3 3
477 4 1 1 3.333333 0 0 0 0 0 0 2 2 8 11
478 1 1 2 0 7 1199.333252 0 599.666626 599.666626 0 1 2 8 9
479 3 2 1 1.666667 14 435.464071 0 235.385985 200.078087 0 2 2 2 11
480 2 1 1 10 12 2002.38613 411.925473 706.157954 706.157954 0 1 1 8 1
481 2 1 2 0 6 323.819978 0 323.819978 0 0 2 2 4 6
482 3 1 1 1.666667 16 839.533277 119.933325 239.86665 479.733301 0 1 2 5 7
483 1 1 2 0 1 439.755526 99.944438 119.933325 219.877763 0 2 3 5 11
484 3 1 1 2 7.333333 599.666626 0 359.799976 239.86665 0 2 3 3 6
485 2 1 2 0 0 0 0 0 0 0 2 4 3 2
486 2 1 2 0 10 335.425028 0 52.961847 282.463181 0 2 2 2 3
487 3 1 2 0 0 0 0 0 0 0 2 2 5 10
488 3 1 2 0 0 0 0 0 0 0 1 4 2 1
489 2 1 1 4.333333 5 863.519942 0 0 359.799976 0 2 2 3 4
490 4 1 1 5 5 599.666626 0 0 599.666626 0 2 2 5 6
491 1 2 2 0 0 0 0 0 0 0 1 3 3 9
492 2 1 1 3.333333 4.666667 427.617872 357.002077 70.615795 0 0 2 2 3 11
493 4 1 1 8 0 0 0 0 0 0 1 3 5 3
494 2 1 2 0 24 47.97333 11.993333 11.993333 11.993333 0 1 2 6 9
495 3 1 2 0 4 411.925473 0 0 0 0 2 2 4 4
496 1 1 2 0 0 0 0 0 0 0 2 1 3 4
497 3 1 1 2.333333 2 270.693882 0 0 270.693882 0 2 2 4 1
498 4 1 1 1.666667 4 156.92399 0 0 156.92399 0 1 3 4 6
499 3 1 1 10 5 479.733301 0 0 479.733301 0 2 1 3 1
500 4 1 1 11.333333 0 0 0 0 0 0 1 1 1 3
501 2 1 1 12.333333 6.666667 959.466602 199.888875 0 519.711076 0 2 2 6 11
502 3 1 2 0 32 235.385985 0 0 0 0 2 2 2 2
503 3 1 1 5.333333 0 0 0 0 0 0 2 2 4 4
504 1 1 2 0 9 600.234261 200.078087 200.078087 200.078087 0 2 2 4 11
505 1 1 1 5 0 0 0 0 0 0 2 2 3 5
506 3 1 2 0 9 588.464961 235.385985 353.078977 0 0 2 3 2 6
507 4 1 1 5 3 359.799976 0 0 359.799976 0 1 2 5 6
508 4 1 1 8.666667 0 0 0 0 0 0 2 2 1 4
509 2 1 2 0 0 0 0 0 0 0 1 2 8 3
510 4 2 1 4 5 575.679961 191.89332 191.89332 191.89332 0 1 3 5 2
511 3 1 1 3.666667 1 283.886521 79.95555 119.933325 79.95555 0 1 2 8 4
512 3 1 2 0 0 0 0 0 0 0 1 2 4 2
513 2 1 1 3 0 0 0 0 0 0 2 2 3 5
514 2 1 1 10 0 0 0 0 0 0 1 2 2 5
515 2 2 1 8 8 239.86665 0 0 239.86665 0 1 2 5 9
516 2 1 1 3 6.666667 939.477714 239.86665 0 459.744413 0 1 2 1 3
517 4 1 2 0 0 0 0 0 0 0 1 2 1 3
518 3 1 2 0 13 791.559946 0 299.833313 419.766638 0 2 1 5 11
519 2 1 1 5 10.666667 1015.435487 319.822201 299.833313 395.779973 0 1 2 4 1
520 1 1 2 0 6.333333 1059.236931 353.078977 0 706.157954 0 1 2 8 6
521 3 2 2 0 0 0 0 0 0 0 2 2 2 9
522 1 1 2 0 18 1343.253242 287.839981 455.746636 599.666626 0 1 2 8 9
523 2 1 1 9.333333 6 765.00445 0 235.385985 411.925473 0 1 2 4 9
524 4 1 2 0 0 0 0 0 0 0 2 2 3 3
525 1 1 2 0 0.666667 145.15469 0 27.461698 117.692992 0 2 2 4 1
526 2 1 1 10 9 419.766638 0 119.933325 299.833313 0 1 1 3 11
527 2 1 2 0 0 0 0 0 0 0 2 1 2 11
528 1 1 2 0 0 0 0 0 0 0 1 2 6 11
529 2 2 2 0 3 239.86665 0 0 0 0 2 2 1 9
530 2 1 1 8 21 899.499939 299.833313 239.86665 359.799976 0 1 2 8 6
531 4 1 2 0 0 0 0 0 0 0 1 2 2 11
532 4 1 1 3.666667 6.666667 816.004747 0 235.385985 400.156174 0 1 2 7 11
533 1 1 2 0 0 0 0 0 0 0 1 1 4 3
534 4 1 2 0 0 0 0 0 0 0 2 2 4 11
535 3 1 2 0 11 843.466445 0 411.925473 431.540972 0 1 2 2 9
536 1 1 2 0 20 1941.934373 353.078977 588.464961 941.543938 0 1 2 8 6
537 1 1 2 0 22 3070.293126 419.766638 839.533277 839.533277 0 2 2 8 1
538 4 1 2 0 14 731.593284 0 311.826646 419.766638 0 2 3 4 11
539 4 1 1 6 2 235.385985 0 0 235.385985 0 2 3 5 1
540 4 1 1 11.333333 0 0 0 0 0 0 1 2 1 4
541 1 1 2 0 28 1597.107537 239.86665 455.746636 719.599951 0 1 2 6 6
542 3 1 1 10.666667 9 859.522164 159.9111 119.933325 419.766638 0 1 2 2 9
543 1 1 2 0 6 1085.396593 539.699963 545.69663 0 0 2 1 6 5
544 2 1 1 5.666667 13 1199.333252 0 419.766638 479.733301 0 1 2 3 9
545 2 1 1 5.333333 5 353.078977 0 353.078977 0 0 1 2 3 5
546 1 1 1 3.333333 0 0 0 0 0 0 1 2 2 3
547 2 2 1 4 0 0 0 0 0 0 2 2 3 4
548 4 1 1 5.666667 0 0 0 0 0 0 2 2 5 1
549 3 1 1 8 4 353.078977 0 0 353.078977 0 1 3 2 3
550 1 2 2 0 0 0 0 0 0 0 1 2 2 9
551 2 1 2 0 6 611.659959 0 251.859983 359.799976 0 2 1 3 11
552 2 1 2 0 0 0 0 0 0 0 2 3 1 8
553 4 1 2 0 10 239.86665 0 0 239.86665 0 1 3 5 4
554 3 1 1 3.333333 2 94.154394 0 0 0 0 2 2 2 6
555 3 1 1 5 10 599.666626 0 299.833313 299.833313 0 1 3 2 9
556 1 2 1 4 7.333333 599.666626 0 299.833313 299.833313 0 2 3 5 2
557 3 1 2 0 6 235.385985 0 235.385985 0 0 1 3 4 2
558 3 1 2 0 6 359.799976 0 0 0 0 2 2 2 4
559 3 1 1 17 0 0 0 0 0 0 1 2 4 9
560 2 1 1 3 4 611.659959 0 0 611.659959 0 2 4 8 7
561 3 1 1 10 0 0 0 0 0 0 2 3 1 8
562 2 1 1 8.666667 8 1495.168788 335.813311 359.799976 799.555501 0 2 3 5 11
563 3 1 1 6 9 768.92755 294.232481 0 474.695069 0 2 3 3 5
564 2 1 2 0 0 0 0 0 0 0 2 1 2 5
565 3 1 2 0 19 899.499939 0 299.833313 0 0 1 2 5 4
566 4 2 1 0.333333 0 0 0 0 0 0 1 2 5 10
567 3 1 2 0 0 0 0 0 0 0 1 1 8 4
568 4 1 1 6 6.333333 539.699963 0 0 419.766638 0 2 2 6 11
569 4 1 2 0 0 0 0 0 0 0 1 2 5 2
570 3 1 1 3.666667 4 287.839981 0 287.839981 0 0 2 3 5 11
571 3 1 2 0 0 0 0 0 0 0 2 4 4 1
572 3 2 2 0 0 0 0 0 0 0 2 2 6 3
573 4 1 1 3.666667 6.333333 719.599951 0 419.766638 299.833313 0 2 2 4 1
574 2 2 1 7 0 0 0 0 0 0 1 3 2 9
575 3 1 2 0 32 1530.543987 411.925473 470.771969 0 0 2 1 8 4
576 2 1 1 4.333333 0 0 0 0 0 0 2 2 8 3
577 3 1 1 13.333333 0 118.763166 0 0 0 0 1 2 8 8
578 3 1 2 0 0 17.814475 0 0 0 0 1 2 6 4
579 4 1 2 0 0 0 0 0 0 0 1 3 5 11
580 4 1 1 7 0 0 0 0 0 0 2 3 2 7
581 2 1 2 0 7.333333 686.542455 0 0 588.464961 0 2 2 4 9
582 3 1 2 0 4 564.926363 270.693882 294.232481 0 0 2 3 8 1
583 3 1 2 0 0 0 0 0 0 0 2 2 1 11
584 2 1 1 1 8 935.479937 0 0 359.799976 0 2 2 5 11
585 4 1 2 0 1 258.924583 0 0 0 0 2 3 4 4
586 3 1 2 0 13 911.493272 0 551.693296 0 0 2 1 6 4
587 2 1 2 0 13.333333 941.543938 235.385985 353.078977 353.078977 0 1 2 8 6
588 3 1 1 7 8 627.651069 0 319.822201 307.828868 0 1 2 7 6
589 2 2 1 3 0 0 0 0 0 0 1 2 5 3
590 3 1 1 4 4 319.822201 0 159.9111 159.9111 0 2 2 5 11
591 4 1 1 15 0 0 0 0 0 0 2 1 1 4
592 2 2 1 2.333333 0 0 0 0 0 0 2 2 6 3
593 3 1 1 4.333333 21 1391.226573 335.813311 335.813311 335.813311 0 1 2 3 1
594 3 1 2 0 12 1559.133228 0 779.566614 779.566614 0 2 2 6 4
595 2 1 2 0 4.333333 647.311458 0 294.232481 353.078977 0 2 2 3 11
596 2 1 2 0 9 659.633289 0 359.799976 299.833313 0 1 3 4 3
597 3 1 1 5 0 0 0 0 0 0 1 2 2 3
598 3 1 2 0 0 0 0 0 0 0 1 1 8 9
599 3 1 2 0 9.333333 1090.621729 353.078977 329.540378 353.078977 0 1 2 8 6
600 1 1 2 0 6 287.839981 0 143.91999 143.91999 0 2 3 2 4
601 2 1 2 0 0 0 0 0 0 0 2 2 4 4
602 3 1 1 2.333333 3 682.619355 0 329.540378 353.078977 0 1 2 8 10
603 3 1 2 0 0 0 0 0 0 0 1 2 4 2
604 4 2 1 1.333333 0 0 0 0 0 0 1 3 2 3
605 3 1 1 5.333333 7 479.733301 0 239.86665 239.86665 0 2 2 4 5
606 3 1 2 0 4 1176.929923 0 0 0 0 1 1 2 4
607 3 1 2 0 2 470.771969 0 0 0 0 1 2 8 4
608 4 1 2 0 10 129.462292 0 0 0 0 2 2 3 11
609 4 1 2 0 5.333333 353.078977 156.92399 156.92399 39.230997 0 1 2 6 11
610 3 2 2 0 0 0 0 0 0 0 1 2 5 3
611 3 1 2 0 7 164.770189 0 0 0 0 2 2 3 2
612 2 1 2 0 8 588.464961 0 0 411.925473 0 1 2 3 2
613 4 2 2 0 19.333333 843.466445 0 0 0 0 2 3 2 4
614 2 2 1 4.666667 0 0 0 0 0 0 2 1 3 11
615 1 1 1 1 0 0 0 0 0 0 1 2 6 9
616 3 1 2 0 2.666667 95.94666 0 0 0 0 1 2 4 8
617 1 1 2 0 14 1176.929923 0 235.385985 470.771969 0 1 2 5 9
618 3 1 2 0 2 87.951105 0 0 0 0 2 1 2 6
619 3 1 2 0 2.666667 945.111185 274.616982 274.616982 0 0 1 2 6 6
620 3 1 1 3.333333 0 0 0 0 0 0 2 2 4 11
621 2 2 2 0 0.333333 19.615499 0 0 0 0 2 2 1 11
622 4 1 1 4.333333 2 47.97333 0 0 47.97333 0 2 3 5 9
623 3 1 1 6 8 1118.083427 294.232481 353.078977 470.771969 0 2 2 7 5
624 3 1 1 2 0 0 0 0 0 0 1 1 8 3
625 2 1 1 4.666667 13 1141.622025 411.925473 317.771079 411.925473 0 1 2 4 2
626 2 1 1 6 10 563.686629 0 275.846648 287.839981 0 2 3 4 11
627 1 1 1 1.333333 0 0 0 0 0 0 2 2 2 1
628 4 1 2 0 4 470.771969 0 0 470.771969 0 2 2 5 2
629 3 1 1 1 11.666667 759.577726 0 399.777751 359.799976 0 2 2 8 1
630 4 1 2 0 10 660.257687 329.540378 0 330.717308 0 1 3 4 9
631 1 2 2 0 0 0 0 0 0 0 1 2 2 8
632 1 1 2 0 2.666667 399.777751 0 0 0 0 2 2 8 2
633 2 1 2 0 0 0 0 0 0 0 1 2 2 2
634 1 1 2 0 0 0 0 0 0 0 2 2 3 6
635 3 1 2 0 5 59.966663 0 0 0 0 1 2 5 2
636 3 1 2 0 17.666667 1430.754476 0 316.594149 0 0 2 1 6 4
637 1 1 2 0 3 588.464961 0 588.464961 0 0 1 2 8 2
638 4 1 2 0 0 0 0 0 0 0 1 3 6 9
639 3 1 1 10 0 0 0 0 0 0 1 3 3 3
640 1 1 1 1.333333 5 2110.826524 359.799976 539.699963 0 0 1 2 5 4
641 3 2 2 0 11.333333 588.464961 0 353.078977 235.385985 0 1 1 8 3
642 4 2 1 12 0 0 0 0 0 0 1 2 3 9
643 2 1 1 4.666667 6 647.311458 0 294.232481 353.078977 0 1 2 6 2
644 3 1 1 10 0 0 0 0 0 0 1 2 3 6
645 4 2 2 0 0 0 0 0 0 0 1 1 2 3
646 4 1 2 0 0 0 0 0 0 0 1 1 4 11
647 4 1 1 2.333333 8 706.157954 0 0 470.771969 0 1 2 4 7
648 2 1 2 0 1 119.933325 0 0 0 0 2 3 3 9
649 3 1 1 7 0 0 0 0 0 0 2 3 1 11
650 3 1 2 0 0 0 0 0 0 0 2 1 7 4
651 4 1 2 0 3 588.464961 0 0 0 0 2 3 8 4
652 3 1 1 7.333333 5 275.846648 0 0 275.846648 0 1 2 4 2
653 1 1 2 0 0 0 0 0 0 0 2 2 8 4
654 1 1 1 5.333333 18 1294.622915 0 353.078977 588.464961 0 1 2 5 7
655 2 2 2 0 0 0 0 0 0 0 1 2 3 3
656 4 1 2 0 20 1020.005933 0 0 0 0 2 3 2 4
657 4 2 2 0 0 0 0 0 0 0 1 2 5 8
658 2 1 2 0 0 0 0 0 0 0 1 2 8 3
659 2 1 1 8 18 1039.621432 294.232481 235.385985 510.002967 0 2 2 4 9
660 2 1 1 2.333333 5.666667 1110.237227 325.617279 431.540972 353.078977 0 2 2 8 11
661 3 1 1 9.333333 7 719.599951 0 419.766638 299.833313 0 1 2 4 9
662 4 1 2 0 9 599.666626 0 311.826646 0 0 2 2 5 2
663 3 1 2 0 0 0 0 0 0 0 1 3 8 4
664 3 1 1 6.333333 3 829.735596 0 417.810123 411.925473 0 2 3 6 6
665 2 1 2 0 5 808.158547 0 537.464665 270.693882 0 2 2 2 5
666 3 1 1 4.666667 7 595.668849 91.948883 0 503.719966 0 2 2 2 10
667 3 1 1 2 5 529.618465 0 235.385985 294.232481 0 1 1 2 9
668 2 1 2 0 4 329.540378 0 0 0 0 2 2 8 2
669 4 1 1 5 0 0 0 0 0 0 2 2 4 5
670 2 2 2 0 0 0 0 0 0 0 1 1 4 2
671 3 1 1 5 20 1059.236931 529.618465 294.232481 235.385985 0 2 2 5 4
672 4 1 2 0 0 0 0 0 0 0 1 2 2 2
673 2 1 1 4.666667 20 2157.704859 0 0 1059.236931 0 2 2 8 7
674 4 2 1 0.666667 0 0 0 0 0 0 2 2 4 5
675 2 1 1 6.666667 5.666667 683.619954 0 299.833313 299.833313 0 2 2 6 2
676 2 2 2 0 1 117.692992 0 0 0 0 1 1 3 4
677 4 1 1 8.333333 0 0 0 0 0 0 1 3 8 11
678 3 1 1 2.666667 0 0 0 0 0 0 2 3 4 11
679 2 1 2 0 0 0 0 0 0 0 2 3 4 11
680 3 1 2 0 12 706.157954 0 353.078977 353.078977 0 1 2 5 1
681 2 1 2 0 0 0 0 0 0 0 1 2 2 11
682 3 1 1 3.666667 7 527.706631 0 167.906655 359.799976 0 2 2 2 3
683 2 2 1 3.333333 0 0 0 0 0 0 1 2 5 1
684 2 1 2 0 17.333333 719.599951 359.799976 359.799976 0 0 2 2 4 11
685 2 1 2 0 0 0 0 0 0 0 2 3 3 3
686 2 1 1 8 0 0 0 0 0 0 2 2 6 6
687 4 2 2 0 24 4139.048591 0 0 0 0 2 2 8 2
688 4 1 1 3 0 0 0 0 0 0 1 2 3 3
689 3 1 1 2 5 635.646624 299.833313 0 335.813311 0 1 3 6 6
690 2 1 1 8 5.333333 763.575504 223.87554 119.933325 359.799976 0 2 2 4 6
691 3 1 1 5.333333 10 527.706631 0 263.853315 263.853315 0 1 2 4 8
692 2 1 2 0 0 0 0 0 0 0 1 1 5 3
693 4 1 2 0 0 0 0 0 0 0 1 3 1 11
694 2 1 1 5.333333 0 0 0 0 0 0 1 2 5 5
695 2 1 2 0 27.333333 1888.972526 0 0 0 0 2 2 3 4
696 1 2 2 0 0 0 0 0 0 0 1 1 4 4
697 2 1 1 5.666667 3 419.766638 0 419.766638 0 0 1 1 3 9
698 3 1 2 0 7 1139.36659 359.799976 359.799976 419.766638 0 2 2 4 3
699 3 2 2 0 0 0 0 0 0 0 1 3 3 9
700 1 1 2 0 15 1215.324362 99.944438 419.766638 383.786641 0 1 2 3 9
701 1 1 2 0 27.333333 1667.317391 411.925473 215.770486 0 0 2 2 8 4
702 3 1 2 0 8.666667 659.633289 239.86665 0 419.766638 0 2 2 5 5
703 1 1 2 0 9.333333 651.637734 227.873318 231.871095 191.89332 0 2 1 2 4
704 4 2 1 7.333333 0 0 0 0 0 0 1 3 3 2
705 4 1 1 1.666667 1.666667 43.154097 0 0 0 43.154097 2 3 1 1
706 3 1 2 0 21.333333 576.695662 0 0 0 0 2 2 4 4
707 3 2 1 3 0 0 0 0 0 0 2 4 3 4
708 3 1 2 0 9 1139.36659 0 299.833313 839.533277 0 2 2 6 1
709 2 1 1 4.333333 4 235.385985 0 0 235.385985 0 1 2 5 11
710 4 1 1 5 2.666667 159.9111 159.9111 0 0 0 2 2 8 4
711 3 1 2 0 18 419.766638 119.933325 119.933325 179.899988 0 1 2 3 4
712 3 1 2 0 12 383.786641 119.933325 119.933325 119.933325 0 1 2 1 9
713 3 1 1 7 2.666667 239.86665 0 239.86665 0 0 1 1 2 9
714 1 1 2 0 10 1000.390434 235.385985 353.078977 411.925473 0 1 2 4 2
715 3 2 1 2.666667 0 0 0 0 0 0 1 2 5 9
716 2 1 2 0 10 235.385985 0 117.692992 117.692992 0 2 2 5 5
717 3 1 2 0 10 816.789366 0 211.847386 263.632303 0 2 2 2 3
718 3 1 2 0 0 0 0 0 0 0 2 4 1 11
719 3 1 2 0 0 0 0 0 0 0 1 3 2 5
720 2 1 1 7 3 1575.124338 0 839.533277 335.813311 0 2 2 8 11
721 1 1 2 0 16.666667 843.531054 0 223.87554 0 0 2 3 3 4
722 2 1 2 0 2.666667 479.733301 0 0 479.733301 0 1 2 8 11
723 2 2 2 0 0 0 0 0 0 0 1 3 3 4
724 2 1 1 9 0 0 0 0 0 0 1 2 8 2
725 3 1 1 5 0 0 0 0 0 0 2 2 3 2
726 1 1 2 0 0 0 0 0 0 0 2 1 8 5
727 3 1 1 0.333333 8 510.002967 0 0 0 0 2 3 3 9
728 1 1 2 0 7 1439.199903 239.86665 239.86665 0 0 2 2 5 4
729 2 1 1 7.666667 25 839.533277 0 239.86665 0 0 2 2 4 4
730 3 1 1 4 0 0 0 0 0 0 2 2 2 3
731 3 2 1 6 0 0 0 0 0 0 1 2 4 3
732 1 1 2 0 14 1679.066553 479.733301 479.733301 359.799976 0 2 2 6 11
733 2 1 2 0 0 0 0 0 0 0 1 2 3 9
734 4 1 1 1 0 0 0 0 0 0 2 4 8 3
735 4 2 1 2.333333 6 759.577726 159.9111 239.86665 159.9111 0 1 2 4 10
736 3 1 2 0 12 659.633289 0 299.833313 359.799976 0 1 2 4 9
737 2 1 2 0 0 0 0 0 0 0 1 2 3 3
738 1 1 1 5.333333 12 1439.199903 0 479.733301 0 0 2 2 8 4
739 2 1 1 10 0 0 0 0 0 0 1 2 5 9
740 3 1 1 2 24 1471.162404 294.232481 353.078977 470.771969 0 2 2 8 11
741 3 1 2 0 0 0 0 0 0 0 2 4 3 11
742 1 1 2 0 15 980.774936 0 627.695959 0 0 1 2 4 6
743 4 1 1 12 3 275.846648 0 0 275.846648 0 1 2 2 5
744 3 1 2 0 4 299.833313 0 299.833313 0 0 1 3 8 5
745 4 1 1 2 0 0 0 0 0 0 1 3 2 7
746 3 1 1 5 0 0 0 0 0 0 2 2 4 1
747 4 1 1 7 0 0 0 0 0 0 1 1 7 11
748 2 1 1 7 9 819.544389 79.95555 299.833313 359.799976 0 1 1 3 6
749 2 1 1 13 2 335.813311 0 0 335.813311 0 1 2 5 3
750 3 2 1 4.333333 0 0 0 0 0 0 2 4 2 11
751 2 1 1 12 28 612.00356 0 0 0 0 2 2 5 4
752 1 2 1 6 3 235.385985 0 0 0 0 1 2 5 9
753 3 1 2 0 3.333333 141.231591 0 0 0 0 2 2 3 3
754 3 1 1 1.666667 0 0 0 0 0 0 1 2 1 6
755 4 2 1 0.333333 0 0 0 0 0 0 1 2 5 8
756 3 2 2 0 3 153.00089 0 0 0 0 2 3 5 3
757 2 2 1 12 0 0 0 0 0 0 1 2 5 1
758 1 1 2 0 11.666667 2079.242864 117.692992 0 0 0 1 2 5 4
759 3 1 1 2 3 411.925473 0 0 411.925473 0 1 3 4 9
760 1 1 1 12.666667 10.666667 999.444377 299.833313 279.844426 419.766638 0 2 2 7 5
761 3 1 1 3.333333 14 976.851836 0 329.540378 294.232481 0 2 2 7 1
762 2 1 1 6.333333 8 988.621135 282.463181 353.078977 353.078977 0 2 1 3 5
763 3 1 2 0 4.333333 239.86665 0 0 239.86665 0 2 3 3 1
764 4 2 2 0 0 0 0 0 0 0 1 2 2 3
765 4 1 1 6.666667 0 0 0 0 0 0 2 7 4 7
766 3 1 2 0 4 549.233964 0 235.385985 313.847979 0 2 2 3 6
767 4 2 2 0 0 0 0 0 0 0 1 2 6 3
768 3 1 1 1.333333 0 0 0 0 0 0 2 3 4 8
769 3 1 1 2 23 935.479937 239.86665 359.799976 335.813311 0 1 2 6 6
770 4 2 1 3.333333 0 0 0 0 0 0 2 3 8 3
771 2 1 2 0 32 803.553279 0 359.799976 299.833313 0 1 2 3 2
772 3 2 2 0 20 353.078977 0 0 0 0 1 2 3 4
773 2 1 1 6 7 455.746636 0 0 455.746636 0 1 2 3 5
774 4 1 2 0 0 0 0 0 0 0 2 3 4 1
775 4 1 2 0 0 0 0 0 0 0 1 2 6 9
776 1 1 2 0 8 1519.155453 559.688851 0 959.466602 0 1 2 6 6
777 4 2 1 5 4.666667 79.95555 0 0 0 0 1 3 3 9
778 2 1 1 1 6 1175.346587 0 587.673294 587.673294 0 2 2 7 7
779 4 1 1 0.333333 6 294.232481 0 0 294.232481 0 1 3 6 9
780 4 1 1 2 0 0 0 0 0 0 2 2 2 11
781 3 2 1 3 0 0 0 0 0 0 2 2 2 2
782 3 1 1 6.666667 0 10.105239 0 0 0 0 2 2 3 1
783 3 2 2 0 0 0 0 0 0 0 1 1 2 3
784 3 2 1 7.333333 0 0 0 0 0 0 1 3 1 9
785 2 2 2 0 0 0 0 0 0 0 1 2 4 11
786 3 1 2 0 18 1547.139895 299.833313 455.746636 455.746636 0 1 2 8 6
787 4 1 1 3.333333 0 0 0 0 0 0 2 3 4 5
788 2 1 1 4 0 0 0 0 0 0 2 2 5 11
789 1 1 2 0 14.666667 1553.547498 290.309381 470.771969 510.002967 0 1 2 8 11
790 3 1 2 0 10 1451.546905 0 0 784.619949 313.847979 1 1 5 8
791 2 1 1 8 6.333333 1176.929923 470.771969 353.078977 353.078977 0 2 2 8 6
792 4 1 1 2 3 299.833313 0 0 299.833313 0 2 3 5 3
793 3 1 1 3.333333 0 0 0 0 0 0 2 3 5 11
794 1 1 2 0 7.333333 659.633289 239.86665 0 419.766638 0 2 1 7 1
795 3 1 1 0.666667 1.333333 196.154987 0 0 196.154987 0 1 2 7 9
796 2 1 2 0 4.333333 443.753303 59.966663 263.853315 59.966663 0 2 2 7 11
797 4 1 1 0.666667 10 176.539488 0 0 0 0 1 2 4 2
798 1 1 2 0 13 1319.266577 359.799976 0 959.466602 0 1 1 8 9
799 3 1 1 4 7.333333 647.311458 235.385985 58.846496 235.385985 0 2 3 3 11
800 3 1 2 0 20 258.924583 0 0 0 0 2 3 2 4
801 3 1 2 0 19.666667 1071.00623 270.693882 384.463775 384.463775 0 2 1 5 3
802 4 2 1 4 0 0 0 0 0 0 2 4 8 3
803 3 1 2 0 6.666667 717.927253 317.771079 400.156174 0 0 2 2 8 3
804 4 1 1 1.666667 0 0 0 0 0 0 2 2 5 2
805 2 1 1 8 15 753.235151 0 353.078977 294.232481 0 1 2 8 6
806 3 1 1 5 0 0 0 0 0 0 1 2 4 3
807 2 1 2 0 0 0 0 0 0 0 1 2 3 3
808 2 2 2 0 0 0 0 0 0 0 2 1 2 2
809 4 1 1 5.666667 7 779.566614 0 299.833313 479.733301 0 2 2 5 9
810 3 1 1 8 18 635.646624 0 275.846648 0 0 1 3 6 2
811 2 1 1 2 10 1439.199903 479.733301 479.733301 479.733301 0 1 3 5 1
812 3 1 1 1 6 1139.36659 0 599.666626 539.699963 0 2 2 6 9
813 1 1 2 0 12 863.519942 0 431.759971 431.759971 0 1 2 8 2
814 4 1 2 0 0 0 0 0 0 0 1 2 1 2
815 3 1 2 0 14.333333 823.850946 235.385985 294.232481 294.232481 0 1 1 6 9
816 3 1 1 1 8 353.078977 0 353.078977 0 0 2 4 3 11
817 3 1 1 4 0 0 0 0 0 0 2 2 1 7
818 3 1 1 9.333333 0 0 0 0 0 0 1 2 5 11
819 3 1 1 4.333333 15 263.204407 0 0 0 0 1 3 1 2
820 4 1 1 9.333333 0 0 0 0 0 0 2 2 4 4
821 3 2 2 0 3 287.839981 0 0 0 287.839981 2 3 6 1
822 3 1 1 3.666667 2.666667 559.688851 0 279.844426 279.844426 0 1 2 7 1
823 3 1 2 0 0 0 0 0 0 0 1 1 2 9
824 3 1 1 5.333333 0 0 0 0 0 0 2 3 3 1
825 1 1 2 0 20 1379.23324 239.86665 419.766638 719.599951 0 1 2 7 11
826 3 1 2 0 2 494.310568 0 0 0 0 2 2 8 2
827 2 1 1 3.333333 9 783.564391 0 111.93777 671.626621 0 2 3 1 9
828 2 1 2 0 17 823.542167 0 367.795531 455.746636 0 2 2 5 7
829 3 2 2 0 0 0 0 0 0 0 2 2 2 6
830 1 1 2 0 20 823.850946 0 0 0 0 1 1 3 9
831 2 1 1 2.333333 8 599.666626 0 299.833313 299.833313 0 1 2 8 8
832 2 1 1 8 9 1079.399927 239.86665 359.799976 479.733301 0 2 2 5 1
833 2 1 2 0 14.666667 863.081943 196.154987 313.847979 353.078977 0 2 2 8 5
834 3 1 2 0 0 0 0 0 0 0 2 2 4 11
835 1 2 2 0 0 0 0 0 0 0 1 2 3 3
836 2 1 2 0 4 479.733301 0 0 479.733301 0 2 2 4 5
837 4 2 2 0 10 411.925473 0 0 0 0 2 4 3 9
838 4 1 1 3.666667 10 923.486604 203.886653 359.799976 359.799976 0 1 2 5 6
839 2 1 1 8 6 1199.333252 0 0 0 0 1 2 8 4
840 2 1 1 10 1 353.078977 0 0 0 0 2 3 4 4
841 4 1 2 0 10 623.653291 0 323.819978 299.833313 0 2 3 2 2
842 4 1 1 4.333333 0 0 0 0 0 0 2 3 1 11
843 3 1 2 0 8 627.695959 98.077494 58.846496 470.771969 0 2 2 6 5
844 2 1 1 0.666667 0 0 0 0 0 0 2 3 6 4
845 4 1 2 0 0 0 0 0 0 0 1 2 2 3
846 2 1 1 6.333333 4 411.925473 0 0 411.925473 0 2 1 8 6
847 4 2 2 0 0 0 0 0 0 0 2 3 3 1
848 4 1 1 6 5 1079.399927 0 539.699963 539.699963 0 1 3 5 6
849 3 1 1 1.666667 0 0 0 0 0 0 1 2 3 9
850 3 2 2 0 4 435.357971 0 0 0 0 2 2 4 2
851 2 2 2 0 0 0 0 0 0 0 2 2 4 11
852 2 1 1 4 5.333333 392.309974 0 196.154987 196.154987 0 1 2 1 8
853 1 1 2 0 0 0 0 0 0 0 1 1 8 6
854 4 1 1 1.666667 0 0 0 0 0 0 1 2 1 6
855 4 1 2 0 12 529.618465 0 0 0 0 2 2 3 4
856 4 2 1 6 0 0 0 0 0 0 2 3 8 7
857 1 1 2 0 14 1000.390434 0 0 0 0 1 2 5 4
858 1 1 2 0 0 0 0 0 0 0 2 1 3 7
859 3 2 2 0 23 1129.852726 0 447.233371 353.078977 329.540378 2 2 4 6
860 2 1 1 4 2.666667 178.893348 37.661758 0 141.231591 0 2 2 5 6
861 3 1 2 0 0 0 0 0 0 0 1 1 4 4
862 3 1 1 5 0 0 0 0 0 0 2 1 2 1
863 4 2 2 0 0 0 0 0 0 0 1 2 2 3
864 3 1 1 5 2 235.385985 0 117.692992 117.692992 0 1 2 5 9
865 3 1 2 0 0 0 0 0 0 0 2 3 1 3
866 2 1 2 0 9 459.744413 0 275.846648 183.897765 0 1 2 6 6
867 1 2 1 14 0 0 0 0 0 0 2 2 1 11
868 1 1 2 0 6 619.655514 0 0 0 0 1 2 5 2
869 3 1 2 0 5.333333 239.86665 0 239.86665 0 0 1 3 3 9
870 2 1 2 0 0 0 0 0 0 0 1 2 3 3
871 2 1 2 0 35 1000.390434 235.385985 0 235.385985 0 1 2 8 9
872 2 1 2 0 10 459.00267 153.00089 153.00089 153.00089 0 2 1 6 11
873 2 1 1 8 0 0 0 0 0 0 1 2 8 6
874 2 1 1 5 0.666667 399.777751 0 399.777751 0 0 1 2 5 6
875 4 2 2 0 0 0 0 0 0 0 1 2 7 3
876 3 1 1 5 0 0 0 0 0 0 1 2 4 8
877 4 1 1 4 0 0 0 0 0 0 1 2 4 1
878 2 1 1 8 0 0 0 0 0 0 1 2 7 3
879 4 1 1 4 0 0 0 0 0 0 2 3 2 2
880 3 1 1 2 6 419.766638 0 0 0 0 2 2 2 2
881 4 1 1 4 0 0 0 0 0 0 1 2 3 11
882 1 1 2 0 4.666667 1711.048773 0 0 0 0 1 2 6 4
883 3 1 2 0 5 765.00445 0 0 0 0 1 2 8 4
884 4 1 1 3 2 564.926363 0 282.463181 282.463181 0 1 3 3 2
885 1 1 2 0 9.333333 886.620542 0 298.15558 588.464961 0 2 2 6 4
886 1 1 2 0 9 706.157954 0 353.078977 353.078977 0 1 2 3 1
887 1 1 2 0 0 0 0 0 0 0 1 1 8 9
888 4 1 2 0 0 0 0 0 0 0 1 2 5 8
889 3 1 1 4 5.666667 839.533277 0 359.799976 479.733301 0 2 2 5 11
890 4 1 1 10 0 0 0 0 0 0 1 2 1 8
891 2 1 2 0 0 0 0 0 0 0 2 2 8 7
892 4 1 1 20 4 131.926658 65.963329 65.963329 0 0 2 3 4 1
893 3 1 2 0 15 959.466602 0 0 0 0 2 2 3 4
894 3 1 2 0 0 0 0 0 0 0 2 2 5 3
895 4 1 1 0.666667 3 376.617575 0 0 376.617575 0 2 2 8 7
896 4 1 1 4 6.666667 447.233371 0 235.385985 211.847386 0 2 2 2 5
897 1 1 1 1.333333 0 0 0 0 0 0 1 3 3 5
898 3 1 1 6 0 0 0 0 0 0 1 3 8 3
899 4 1 1 3.666667 0 0 0 0 0 0 1 2 5 3
900 2 1 1 4 0 0 0 0 0 0 1 3 2 9
901 4 1 1 9.333333 0 0 0 0 0 0 2 3 8 3
902 3 1 2 0 14 561.395573 0 311.10181 250.293764 0 1 3 5 4
903 3 1 1 3.333333 2 479.733301 0 0 479.733301 0 1 2 6 7
904 2 1 2 0 43.333333 972.928736 0 0 0 0 2 2 3 4
905 2 1 1 8 9.333333 635.646624 0 299.833313 335.813311 0 1 1 3 9
906 2 1 1 6.666667 4 117.692992 0 0 117.692992 0 2 4 6 11
907 2 1 1 5.666667 0 0 0 0 0 0 2 2 1 3
908 1 2 2 0 3 467.739968 0 59.966663 347.806643 0 1 2 4 8
909 1 1 2 0 0 0 0 0 0 0 2 2 4 3
910 2 1 1 9.333333 5 368.771376 0 0 368.771376 0 1 2 3 3
911 3 1 2 0 0 0 0 0 0 0 1 1 3 2
912 2 1 1 8 9 499.722188 0 199.888875 299.833313 0 1 2 5 8
913 2 2 1 8 0 0 0 0 0 0 1 3 5 3
914 3 1 2 0 0 27.711405 0 0 0 0 2 2 6 11
915 2 2 1 3 0 0 0 0 0 0 1 2 2 9
916 4 1 2 0 0 0 0 0 0 0 1 3 6 11
917 3 1 2 0 11.666667 1111.382147 299.833313 219.877763 439.755526 0 2 3 5 5
918 1 1 1 1 19 263.853315 0 0 0 0 2 2 1 3
919 4 1 1 9.666667 0 0 0 0 0 0 1 2 4 8
920 2 2 2 0 0 0 0 0 0 0 1 3 1 2
921 2 1 2 0 12 1059.236931 235.385985 411.925473 411.925473 0 1 2 4 7
922 4 1 1 0.666667 5 156.92399 0 0 117.692992 0 2 3 7 6
923 3 1 2 0 12 1205.329918 305.829979 299.833313 599.666626 0 2 2 6 1
924 2 2 2 0 4 353.078977 0 353.078977 0 0 2 2 3 4
925 3 1 2 0 0 0 0 0 0 0 2 2 5 5
926 2 1 2 0 0 0 0 0 0 0 2 3 8 4
927 3 1 1 3.333333 8 479.733301 0 0 479.733301 0 1 1 4 11
928 3 1 1 5.333333 3 359.799976 0 0 359.799976 0 2 2 4 7
929 1 2 1 1.333333 0 0 0 0 0 0 1 1 8 6
930 3 1 2 0 6 353.078977 0 0 353.078977 0 2 2 4 4
931 3 1 1 7.333333 1.666667 999.444377 0 0 0 0 1 2 5 7
932 3 1 1 6 5 353.078977 0 176.539488 176.539488 0 1 2 7 9
933 3 1 1 0.666667 6.333333 898.389841 376.617575 0 196.154987 0 2 2 8 8
934 4 1 1 2.666667 10 659.633289 0 359.799976 299.833313 0 2 3 5 6
935 4 1 2 0 6.666667 1196.545422 784.619949 0 411.925473 0 2 2 6 6
936 4 2 1 0.666667 5 303.431313 181.099321 61.165996 61.165996 0 1 2 1 9
937 4 1 1 3.333333 1 59.966663 0 0 0 0 1 4 2 4
938 3 1 1 2 18.333333 839.533277 0 419.766638 419.766638 0 1 1 5 4
939 3 1 1 3 2 176.539488 0 176.539488 0 0 2 2 4 5
940 2 1 1 2.666667 13 875.513274 0 359.799976 359.799976 0 2 3 2 5
941 3 1 2 0 0 0 0 0 0 0 2 3 1 4
942 2 1 1 6.666667 0 0 0 0 0 0 1 2 8 9
943 3 1 2 0 9 359.799976 0 0 0 0 2 1 3 4
944 3 1 1 4 9 719.599951 0 359.799976 359.799976 0 1 2 5 1
945 4 1 1 2 5 1139.36659 0 479.733301 479.733301 0 2 3 5 11
946 3 1 2 0 6.666667 588.464961 0 353.078977 0 0 1 2 2 2
947 2 1 2 0 4.666667 886.620542 98.077494 494.310568 294.232481 0 2 2 6 6
948 2 1 2 0 21.666667 1608.470895 294.232481 529.618465 588.464961 0 2 3 8 4
949 3 2 1 2 0 0 0 0 0 0 1 2 1 3
950 3 1 1 1 7 470.771969 0 0 353.078977 0 2 2 3 3
951 1 1 2 0 3 706.157954 0 0 0 706.157954 1 2 8 8
952 2 1 2 0 14 599.666626 0 299.833313 299.833313 0 2 2 3 11
953 4 1 2 0 0 0 0 0 0 0 1 3 5 4
954 2 1 1 8 11 1103.386592 143.91999 179.899988 779.566614 0 1 3 8 8
955 3 1 1 1.666667 4.333333 691.642485 21.184739 294.232481 256.570723 0 2 1 5 1
956 1 1 2 0 18 1248.080805 200.078087 200.078087 200.078087 0 1 1 3 9
957 3 1 2 0 11 1091.393259 263.853315 407.773306 419.766638 0 2 2 6 11
958 4 1 1 4 14 599.666626 0 299.833313 299.833313 0 2 2 6 2
959 2 1 2 0 9.333333 1098.467928 156.92399 235.385985 156.92399 0 2 2 7 5
960 4 1 1 3 6 1079.399927 599.666626 239.86665 119.933325 0 1 2 8 11
961 3 1 2 0 0 0 0 0 0 0 1 1 1 8
962 3 1 1 3.333333 8.666667 679.622176 0 455.746636 223.87554 0 1 2 3 6
963 4 1 2 0 0 0 0 0 0 0 2 2 3 1
964 1 1 1 2 16 2398.666504 599.666626 0 599.666626 0 2 2 8 3
965 2 1 2 0 7 470.771969 470.771969 0 0 0 2 3 2 1
966 4 1 2 0 0 249.402649 0 0 0 0 1 2 7 1
967 3 1 2 0 0 0 0 0 0 0 1 2 2 3
968 2 2 1 6 2 287.839981 287.839981 0 0 0 2 2 1 4
969 4 1 2 0 8 1118.083427 294.232481 258.924583 329.540378 0 2 1 8 1
970 2 2 2 0 0 0 0 0 0 0 2 2 5 6
971 2 1 1 2.333333 8 1165.160624 612.00356 0 553.157064 0 2 2 8 6
972 2 2 1 4 0 0 0 0 0 0 2 2 3 3
973 2 1 1 4.333333 0 0 0 0 0 0 2 2 4 8
974 3 1 2 0 10 1950.494022 376.617575 353.078977 411.925473 0 1 2 7 8
975 4 1 1 2.666667 6 294.232481 0 0 294.232481 0 1 2 1 9
976 3 1 2 0 7 455.746636 0 0 0 0 1 2 3 4
977 3 1 1 5.666667 0 0 0 0 0 0 1 2 6 5
978 2 1 1 1 2 359.799976 0 0 359.799976 0 2 3 5 3
979 3 1 1 0.333333 0 0 0 0 0 0 1 2 3 6
980 3 1 1 2.333333 0 0 0 0 0 0 1 2 8 3
981 4 1 2 0 0 0 0 0 0 0 2 2 1 2
982 3 2 2 0 3 35.307898 0 0 0 0 1 3 5 4
983 1 2 2 0 17 765.00445 0 294.232481 294.232481 0 2 3 7 4
984 3 1 2 0 17.333333 1379.23324 287.839981 359.799976 515.713298 0 2 2 7 1
985 3 1 1 8 9 671.626621 239.86665 215.879985 215.879985 0 2 2 5 11
986 1 1 1 1.666667 20 1079.399927 239.86665 239.86665 359.799976 0 1 2 4 6
987 2 1 1 3.333333 5.333333 699.611064 0 0 699.611064 0 2 3 3 1
988 4 1 1 3.666667 7 659.633289 0 359.799976 299.833313 0 2 2 8 1
989 3 2 1 1.333333 0 0 0 0 0 0 2 3 2 1
990 1 1 2 0 20 1785.010383 588.464961 490.387468 411.925473 0 2 2 7 3
991 4 1 1 8 0 0 0 0 0 0 2 4 3 1
992 4 1 2 0 10 719.599951 0 359.799976 359.799976 0 2 3 5 10
993 2 1 2 0 7.666667 627.651069 279.844426 299.833313 0 0 1 2 8 4
994 1 2 2 0 0 0 0 0 0 0 2 2 4 2
995 2 2 2 0 9 188.308788 0 0 0 0 1 2 7 2
996 3 1 1 4 6 299.833313 0 0 299.833313 0 2 2 5 3
997 3 1 2 0 0 0 0 0 0 0 1 2 8 6
998 3 1 1 5 7.666667 958.267269 0 299.833313 539.699963 0 2 2 6 9
999 3 1 1 5 4 239.86665 0 239.86665 0 0 1 3 2 7
1000 2 2 1 3.666667 2 79.95555 0 0 0 0 2 3 3 8
